$ANSIBLE_VAULT;1.1;AES256
30623731363264383431646632306533383530353964666462663632383932613731363436333263
3565376134373361366139383762383936663134616130630a373961613430353762636336393064
32303337393437336132613039356362633264623630343239363665633936306134656364646661
3861396565376163660a313538346138616233336135346236623364383164633130646437623537
65336635306261623736323733393738663733346163623938663266643439616432353230306538
39653737656234336138313631383830323465663864343934323466353061613237643161326265
39613566323134366537326262356632346239646137303766626637386335363264616462663935
32343536343639303662623037616534623739663338353832386635646663376464333831656234
39626433363439346533343962303133306238323565613337336465656662316431613733323065
61306136396338366131613730613134646161643536646335316336346335623631343839376533
35346132616234356263633732353864383463383563616533636665663863623831306234376565
31373239646335316531373164393264613237306137366639343061346461393332363732373338
65376462613661363261306539666639623161643666303264633635333066623061613436343831
31633334383135313562666262333732633233376130356564313464616333323033346230306430
33326531383265613366643531353066623534646634333530316637636535613761306366643762
34343863646334616533366163363537386637666436636338316665396637353562353635626239
65636564376534613464643161663236653137643736636430323333653232336566383733383633
63336135393633616639393565343836653336623765656536323463343033646337363565383366
61303963643465656664363530343130303730346233643230396163366638303565353030356439
36383933366266393565306463396661623065386465356266353635646239663034386162323331
66393334373434616263316665333161633338303233346464396230336533343836373736373436
62613965326238343037643037376232336465313339373261396363623438376536646632633036
32336134663933316565636664326162633163396366633662333334616264353838396663636539
31336232643664623034633838373536643561303734663334383830323965363635333131633938
3337
