$ANSIBLE_VAULT;1.1;AES256
63613932303233306263306430353738366463336632633566333434376235613764313138616434
3139366239616461313334633838376131366461326239370a316530333533316563356639376562
62323930373933303661663935376538356138303365666664313936646232393464373631613562
3737366464336531350a363131373163633331653162316136323039333530323666396136323031
34393961363164666363313735336264386463633633623038303635643232313933306162363130
34363365313634313533643765396365376230386362373430316561303535346133373761343132
36383531393766343239633832313937353836636332363530343466383638383462663832633066
30353265343533643365393366373965363731353864346662376265303039643432356666343662
30646165363065323939316265303230306532343366373461306331373130643962343762656136
62353632613664303230386130376462303361623264363432643632636630633530333333373831
65663530636430313566353366366162396239656331386163363565366364356662303136313961
61613932396634616464636634323962643733306437303062643733623162613334353934313963
35316634376338323962373733626630316137633037613162373833323136316230333433323432
64306632323161653238623430336265396236623336303963396635303531363237383864366434
35383564393934626561386231613830393633303737313866633361363465306433316637353639
64613266393237343361326534363035323934383366623864383639633364333933633938343031
66363863383765306436663062636532333562396566303837633732666564646563643136353830
63373036323134393634636166643264313037656664353361623732326266366165376462623632
37613234666531343031663731373464346264363133653066343130303730376138663635643936
34373264356565353763376135313433653034353466393937656236373965373735643434323164
64353164323230373064356631333061643537303732626662323135633432376464393131353235
38613637636539356533353432666165373361343932623631656433373833663830393036663739
35666161333833646432353130333363376435363332646238646431323163623433376438663933
65303963346432383333613065306634663036313638633835363761376361383932333262656164
30333361623561326632616562613164386161323335376435383437633165313865653830646562
35366636643530653530666361616439323935343331343131353136353761316661323063346232
38393934623138666233613233356336323936306461653730316230353261373465613537333464
36356139333033303835353432303833346138663636633366623338636432663831613535333139
66653564656466666633663432356538656461336236613531616264396666356564323666333462
37373934363838336466363732346439373830366162343065336362353934383965323832343933
65363239363134346131633337643132366266633465386666383136313833383139386263653864
31353565306366303537636239613233636539303362656539656335373038303338303666613461
32373534366664323734303030386238306336366365316331333766323439303831653464646334
63666666366138666134663638346566306562336235376238393938633930323734396563343763
63626437383438323635643166323164323634656230313830393465666464643366316461376566
63303637316633373866666434653436653434633561346639393535666465343163346537393831
63306439376238393632396461663733356166636137656434376435303734303435333238383764
33383533633462613766373932303132303566363734663136663062373062333331643266383439
33346664616139326563383330663132636532623636613437306165323133623334656639363161
65393437656337333834643433363539346537366265383531663237663035633764336635643432
64356466383862623132653061376365633334323331643232303430656334373233383933613661
32656231653937353137643965313138343435626534323065623737653965646235373166373939
32643464353562306335373238303964383632356363323337306338366234376430356134343231
34613336646430333263336532333461386236303363353239646133633438313334303262313630
38303433306362356135333965303765316534323135633663616163356531396266383733623965
31643333653232313938646339346433633637383566623465383631343439653533646431356339
33326134636365666634353661633064663837643138363461393734306531376236313938313966
63613864393762366339323538373239366566663764643765626531613835303039623737653133
38306331636339333266376338393931363835386239336633663733326135333835346431613861
61303636633732396230646561303065333834343438303830386633646531613363363531306536
33336636346431316636366336653831323533363437616131343334343866326663356261363430
66376331373438343666303565626339356231613735313333336332323738366534363437663838
34333137636434616132313635353863336666363364303532363138366133343431393563643932
36653733326638323839306262393239643637633037303332396530643861386636623263323361
65363732343839663864646362356234393038306364346638616563373232306364353161393939
62633035323235326265396530633439653738316439313631393962636333346235343730646166
34346265653739663163313736373366666166333635653236656164333531393235336463346633
64663837376138306332653836353130623130343636613765353761663337343233336330376236
34386231303832646263393134623137663132336335373364643364373964643137646531376639
31363961323737613336653830616564383439366266333137613166386433356638623833666636
32633663623338336361393131356261366464323931393936633836346435623964333430633137
61366430376464383962303535366230306463326335663933636139316137366530366562393362
38646362306431333731346233643039633466396266613962323265376166343834353739356632
30363337363833653239653234663030386438393037396332666466323261383266643861646436
3933
