$ANSIBLE_VAULT;1.1;AES256
33633535386164366533613461333266336562313839363234353165346361373866303738333033
6332356265626134643336366337303938306531383337370a393364363464386239353936643664
66343234616232343137633033336663633265383932646666333665343535313539383537303034
3361366261623335330a366161323762643864323736373935363165323831386362626464333534
39336364393636376232393364656632393235306530663535666332396436383566313163396163
33356230363038663562636235393461656262383437383565376530303533363563666661356166
65646137353336396338383839323531313030646462383035636633363536633739613534386164
39616462393637633262396435386331366237323461316430643961396437346561303034353564
38363166653934613633343864356432396566633535376136383136356639356164306433633730
30373762316437353837353836393662346566386361373862613565356662643838393437366238
62323965366565656365333136666631383135343031326564356566303063393964393530616166
37363332656366376438346134366337373433613361613331323664323961636234653339343065
33663630626338626363623661656464626564393165323962366535656635383535383833666166
30313839613263313636383364303433333138656636633130386461393636653265643335346336
35646438373239323537366465336638643335613737646136663930313963616537636434646364
32613536353066343663356664623466393262306164666138323865666139333661623632386665
35303964373739343261663665333732666464643866393666313165393533646232653330383136
31393961386633623930393834326263616261613534333035313534326635663831393239366164
36626561623331343635633131646532363964393938653061663264386164663965646135396363
36633731303338353539666636623535333061623832383263663030313461393534623139326430
34343461383836616533393962396364323730396135306639343765653566613738643333376361
39616435303530316530653864393663393833393635303663613635336336333030343163373333
65343961396236326561333565316534363763306361373561386262373736376461363866353534
64616463326361313438366130623433373231336434626366653762316363313737326537636131
64663038666162623434313730383664303863613438616264623435306432643434623361366231
33626634383763333764656333333733333136666565376330356236356266633432363438363465
31333462633965663634613266393463616633313032393432363338346163303164616535643866
36303265623666373865383662303430663033663831623431623261613265336632666562353561
66323061663937633537333164356237326233346231383861353235656362393732393564356239
39373233326261636566316635366336353862303937386162613463353566373033323631343334
63393035363733656233643637373539353831373538346339643162303837613336636631623439
35666461393538343235373835373461363463643535343963393334666234383161643531663536
31383062616466333630353737303334643434653632313339633263643262303761653362363366
63643661613637346133343164613964636432323066376434346439383762353830623931623363
37396130666231313338616435666334346266656635633430383962623139626338623734663763
31663231643763383964333336393465373930376430623231633863376461633635363435333164
33376661643932346661336339303236323063623535363463663335363964663535333533636461
63646238383432326332643734653761363331316430616230613332383538326139346539623661
36363131373433663737333733633339336431313230386162663164623831393765323330653564
61353566386134376537363335336637643064363338623862303064303862346362343663663366
65383935333732393436353062346536393537666565666331346433656237626431636438313839
33653932303166346365363562626331343333623339626639613265336132396366653065346661
34313538356638363933356632333438626431343830653732663236623666663962396133343633
31366333623563636230613363386363373134623038393137636338343938393536633636653734
30326238653461623838363963313536653034346230313535613033336363616232616234323336
37313861363735626330333162636635313464633763653365613965646331383866393766666438
33306435376331353563356436353761316638656566613661643130343638353764306133326433
38613430373332643761656463363339613436336137326633323431353739383934333865643565
30373038393961343761353035303031613963623833613335323261326134373063376166616335
38663238343635643866323137323365646161356233343833346265363636333538393563303838
64353331666566386438343633643661633563393663626130643334303434323530326332303638
34353934336333333432646265326232656431373738373961656461633565373635646463353665
32623834346332313633616531343135343063666633363834623162653463663934626164383539
66616233376361313835303963336337333832326533383533366532343332616434323832613232
35616663333964666262353534346134616366386364303731393730613163636662373132326665
30633064363635386663633634353334323538393031363438386363383433306333616132323763
64306234663830613166646663313535633339623062626261393531356362636137353462303936
66656261663863333139306662393262636462343035313562326339326561633865336532626465
32656634646164383766356263333233396464623566363461363035623937316537666362666264
64666138313634343633386139356431306539393565396638343134383362303236616664613066
37613439326464313034353231646266613139363861386562316463633164346566356262343638
62376234386235373334396337316232373264366237313963323065303064356435663564623930
66666135356235633666323736623135313532636264373236653364343862636165383435343061
33626233336336303336346238353333343735386137663939396532363737336236313236643731
6461
